0200
02020000000003
02020000020010
02020000040005
02020000060004
02020000080000
05000000000000
0201
010202000000
010202000000
030202020000
010202000002
030202020000
010202000004
010202000000
030202020000
040202020000
010202000006
040202020000
020202000008
050000000000
0200
02020000000003
02020000020010
02020000040005
02020000060004
02020000080000
05000000000000
0201
010202000000
010202000000
030202020000
010202000002
030202020000
010202000004
010202000000
030202020000
040202020000
010202000006
040202020000
020202000008
050000000000
0200
02020000000003
02020000020010
02020000040005
02020000060004
02020000080000
05000000000000
0201
010202000000
010202000000
030202020000
010202000002
030202020000
010202000004
010202000000
030202020000
040202020000
010202000006
040202020000
020202000008
050000000000
